1427 1470
1432 1517
1447 1467
1452 1496
1475 1518
1495.9 1510.9
1525 1559
1626.5 1660.5
1695 1710
1710 1785
1850 1915
1880 1920
1900 1920
1910 1930
1920 2010
1930 1995
1995 2020
2010 2025
2110 2200
2300 2400
2305 2315
2350 2360
2483.5 2495
2496 2690
2500 2570
2570 2620
2620 2690
3300 3400
3400 3600
3410 3490
3510 3590
3550 3700
3600 3800
450 455
451 456
452.5 457.5
460 465
461 466
462.5 467.5
5150 5925
5725 5850
5855 5925
617 652
663 698
698 728
703 803
704 716
717 728
728 746
734 746
738 758
753 783
758 803
777 787
788 798
791 821
807 824
814 849
815 830
824 849
830 845
832 862
852 869
859 894
860 875
869 894
875 890
880 915
925 960
